# isotropic nmr Al shielding tensor 
#  0.0		2.5core       2.5core_na   4.0core    4.0core_na     6.0core       6.0core_na
  539.7794     526.1455       517.1404     528.9952   527.4454       527.9877       526.4206   
  527.7288     526.5197       511.8370     523.1257   521.5122       541.2050       541.1490
  534.8223     521.8991       514.9634     529.6345   528.5683       530.1289       531.0457
  522.5524     523.2552       508.0736     528.7826   527.7803       534.4594       534.7958
  530.0681     532.5302       510.3424     529.4223   528.1190       537.6066       537.3058
  538.9995     531.2829       521.6146     531.4260   529.1334       534.9003       535.0169
  534.8908     520.0294       517.5917     530.3730   527.1486       527.1123       526.6809
  529.9145     522.1375       506.9346     525.0725   521.7286       527.5018       526.1556
  528.1151     534.1243       509.9494     522.8818   520.3021       534.8183       534.1743
  531.4765     528.1302       512.6506     528.5883   526.0892       536.2667       537.7059
  535.6668     525.4337       512.7510     529.4854   526.2409       529.0275       528.4844
  534.1915     532.6158       513.6096     524.0532   521.2711       530.3517       528.1989
  531.7682     523.5720       511.2732     525.4145   524.1836       538.3074       533.7702
  528.6306     519.2122       509.8969     528.0102   526.3077       527.8124       525.9378
  534.0124     536.0110       503.6823     530.5404   529.8793       531.6580       533.0147
  531.0970     537.1344       513.1216     527.7880   526.8816       529.4300       529.8603
  527.3251     521.7567       523.6348     524.1689   523.5994       538.7327       539.3360
  532.3476     525.9604       516.5649     525.3353   523.7939       533.1761       535.6837
  540.5468     534.0973       509.1588     530.2527   527.3287       524.7663       522.0044
  540.7987     525.7672       509.4345     533.1909   530.7453       531.8675       528.6020
  532.6700     523.1062       506.7258     526.9549   525.5046       535.5289       526.4677
  529.9491     526.7809       505.5208     524.3231   521.9614       525.5618       522.3256
  528.8355     523.1292       510.1291     532.6506   527.7442       523.0470       522.4753
  534.2487     523.4891       514.8137     533.6597   530.3673       528.3408       528.0779
  539.6625     528.7728       511.7430     537.1092   534.4034       534.4620       534.2802
  535.7484     525.7157       517.0985     533.0612   531.5231       522.2015       520.8362
  537.0146     517.1339       501.1726     526.5937   525.0241       529.5606       526.5029
  531.6389     520.2483       504.4438     523.7048   522.2382       529.6107       528.8017
  529.9065     530.2062       518.2183     531.2245   529.1186       537.0487       534.3044
  535.3194     525.4011       516.1357     532.3516   530.3078       532.7508       531.6878
  541.6351     518.4209       514.0498     525.8168   524.4238       528.4005       528.0497
  534.4946     524.9069       525.8456     525.5930   524.1811       536.5568       536.4378
  524.3042     526.5867       524.1382     528.5083   526.1817       538.2890       536.1326
  530.8218     519.7754       510.2410     528.9371   526.8020       530.2015       528.0660
  543.7405     522.8905       508.6221     526.7250   524.4149       529.4360       529.5401
  535.7254     528.3979       516.5821     527.6159   525.3633       531.8121       531.1975
  534.7867     526.4732       508.6994     529.8489   528.0538       531.8906       531.1337
  521.8095     524.3199       511.9832     529.0736   528.0931       526.5785       525.8868
  528.8641     526.4770       507.1058     531.0368   530.5463       524.4077       525.0488
  538.9009     528.4797       513.7275     528.6056   526.9285       532.6405       533.9025
  529.7314     531.5252       517.9902     528.6577   526.8338       532.7365       532.8752
  524.9113     527.7760       515.1464     528.8794   527.6951       526.4716       526.2223
  533.9483     520.5801       509.7367     526.2527   524.7478       527.0555       526.7715
  535.5965     528.9529       508.8822     530.0743   526.5823       530.2460       530.3819
  526.6312     535.9328       518.9470     530.6454   528.0213       532.3208       531.4539
  524.4872     524.1100       523.0115     525.8228   524.5594       535.6763       533.3725
  531.9953     518.3533       511.1733     526.4115   524.6774       533.5209       534.2896
  529.5775     527.6730       505.0156     530.4778   528.2314       538.5533       537.7849
  535.8697     532.0812       503.9888     533.6763   531.4068       528.3196       528.8332
  531.6657     532.2764       508.4299     535.6734   534.3167       528.7544       528.8344
  529.3361     526.4783       512.3020     533.1045   531.6730       533.7011       533.2568
  527.9253     526.4918       513.5619     531.7229   528.6840       536.4906       535.5394
  529.4100     531.9069       519.1025     531.4830   529.1627       535.0482       532.9831
  531.5070     526.9863       521.7455     530.7981   529.9078       530.9234       532.0132
  527.8973     523.0075       512.5994     530.8491   528.9547       531.3180       531.4269
  526.1794     527.6909       508.2912     531.1070   527.9588       535.3573       535.1233
  531.5853     527.7975       519.3443     531.8025   529.3578       534.4066       534.4014
  533.8108     522.8541       525.9879     531.7150   529.9133       529.0329       529.3337
  530.5772     524.8779       523.0849     533.1966   531.2546       535.6074       534.7489
  533.1361     529.1410       518.2115     526.3377   524.1128       527.7035       528.3838
  529.9355     527.6911       513.9273     530.9316   528.2352       528.2318       529.2136
  528.6795     523.7586       516.3401     542.2221   540.5324       529.0900       529.6730
  531.5117     522.7978       511.6299     536.1940   535.4840       529.9540       528.9963
  534.8004     523.2643       509.0118     522.9620   521.6502       530.1559       529.7095
  531.8504     529.3575       521.0350     531.3464   529.0120       529.5056       530.0245
  527.3456     530.2048       524.5105     538.6774   536.8431       527.1651       527.4868
  528.2118     521.9762       511.8344     530.4823   530.0934       530.1975       530.6024
  533.1108     522.7188       511.7929     524.3777   524.1045       532.8077       533.3283
  529.7244     527.7945       522.8790     527.4078   525.9471       528.6220       529.4505
  531.7616     523.2949       524.8302     532.5548   531.8594       529.6816       528.8037
  528.2598     525.2478       520.1666     529.8912   528.1674       529.9393       529.5746
  532.6450     535.3890       514.0668     527.7622   526.6127       536.9443       536.5760
  532.7386     527.8093       518.5003     527.7315   527.2883       535.4866       535.6804
  531.6941     517.7939       517.4250     528.4779   528.1094       534.1782       534.8320
  535.7537     525.5563       509.5620     528.3973   529.0944       535.6336       535.5832
  541.5033     533.5687       512.9482     531.7119   532.1047       535.8468       535.9253
  533.0035     531.2034       522.9205     533.2193   531.8451       535.7252       536.2533
  531.2909     529.1346       516.9786     531.6709   529.3825       537.8450       537.9921
  540.4255     526.7418       510.2856     529.6027   529.4104       537.3881       537.0632
  537.1790     518.5607       516.2312     530.6306   530.2025       534.0664       534.2769
  527.8880     518.8047       510.0947     531.2102   529.9379       533.5642       534.0546
  530.1860     533.3722       522.2568     532.6129   530.7058       535.4693       537.0732
  537.5239     534.2643       514.5489     532.6629   528.8526       540.0166       540.7596
  542.9160     518.9365       508.5615     534.4019   531.1122       541.4744       539.0551
  531.5686     519.5698       512.3580     537.3308   535.5280       537.9612       536.8266
  528.7221     529.6508       520.5934     537.1754   536.1886       533.0051       532.4598
  536.5255     527.9723       518.7368     529.3212   527.9160       531.7791       530.9123
  533.2672     525.1595       507.3995     525.7776   523.7924       536.9446       534.8397
  530.6842     531.0108       511.2290     529.8774   529.5085       541.7466       541.6076
  535.3639     525.2548       522.5461     537.4912   537.5514       538.8250       539.0648
  536.3120     520.1374       512.9630     531.6998   531.3057       532.5338       539.9241
  533.5319     525.5672       513.5566     533.8262   531.1076       540.1561       533.3737
  526.7268     528.0024       504.4962     524.1372   523.6150       534.0343       536.0473
  528.0731     526.1254       516.2704     529.9686   530.5283       538.0324       535.1468
  537.9531     527.3161       530.0475     535.0945   534.6118       535.4962       532.6837
  531.9734     525.7968       517.3578     529.7758   528.3842       532.7434       535.0925
  525.6490     529.0275       505.0780     529.9041   529.6904       535.3521       538.6870
  530.4069     534.0905       512.0123     537.1803   536.5777       538.8584       536.3607
  533.0469     533.9488       520.7028     534.1483   531.7506       536.6397       531.6312
  531.0366     531.9205       518.7402     526.2453   524.2643       533.0047       530.7583
  531.9198     529.2159       522.2107     530.3936   529.5557       532.5319       532.5702
  534.2022     523.1095       519.7437     538.9458   537.7934       533.2397       537.1169
  542.5312     525.6460       520.0913     535.3330   531.8002       537.6281       533.2634
  528.5540     535.4432       508.2858     534.9779   533.1232       533.0433       532.3521
  529.2196     531.3965       511.1341     529.9920   528.0428       532.2996       534.0989
  536.7461     522.3007       523.0197     532.4469   530.6663       533.5644       532.8469
  537.3403     525.8066       516.2982     530.6660   529.3828       532.8164       527.7801
  530.1791     527.8739       514.1033     528.1873   527.3201       529.0145       528.5231
  534.6254     528.0962       522.5677     536.5755   534.2708       530.7004       532.8628
  541.3964     528.8693       517.5149     537.7122   535.9723       534.4441       530.5135
  541.0624     526.0277       510.8720     528.9864   528.7325       531.0098       528.0324
  536.6416     518.2438       518.7062     533.4927   532.4901       527.7194       530.9258
  533.2824     527.0513       527.7472     539.1093   536.5831       531.6840       528.6768
  533.7189     536.6789       510.7561     533.0175   531.0385       528.7572       529.4497
  536.8453     530.4802       520.5814     533.5060   530.5964       531.4403       525.9407
  535.1441     525.3160       514.9108     531.9728   528.7020       526.5278       527.7540
  534.8546     524.8676       514.6160     539.7514   536.5043       529.8409       536.3054
  538.3268     522.4640       520.9932     534.9537   531.1213       536.8445       532.4379
  535.3246     522.1774       522.7993     524.9353   521.3927       532.3783       526.4840
  526.6545     531.6909       516.6661     533.2424   529.9266       526.7024       529.9562
  531.9874     528.1109       513.6218     539.7816   535.9926       530.3623       532.6335
  535.2595     517.2136       520.9028     533.1846   529.3718       533.4749       529.1354
  523.9482     520.4446       520.9615     529.5695   526.1152       530.4285       532.2949
  525.0091     532.9406       512.0285     534.1927   530.9910       533.2516       534.2646
  527.1035     530.1072       507.7402     524.7198   522.5716       534.0477       537.7734
  537.8049     528.3394       519.8565     536.0998   533.0803       538.2420       535.4742
  532.5465     539.4894       529.5209     533.7288   529.8814       535.7420       532.6930
  522.3225     537.5746       514.1779     531.9733   527.4779       533.1144       536.9149
  527.1752     524.3165       509.0393     532.4014   528.2202       538.2488       541.5625
  530.2089     522.9186       521.6940     531.2015   527.9285       543.7342       534.3369
  524.7594     529.3477       522.3752     531.2848   528.0253       536.6000       535.5549
  522.7237     524.5894       514.1489     529.7861   526.2690       529.3527       531.3765
  529.0765     521.6161       517.3904     531.7800   528.4815       532.6891       531.0360
  531.2028     528.2334       517.0941     540.6972   536.8580       535.4213       542.5995
  527.3114     532.5285       509.6999     533.3001   529.0684       531.1423       533.2107
  524.6761     530.7917       517.9096     521.5789   518.1262       532.6342       531.3047
  531.6468     526.0230       511.6577     524.6390   521.0844       542.6831       529.3600
  529.4125     525.9511       529.8771     532.3538   530.3664       534.8381       535.0664
  530.0683     535.5608       520.9086     544.9857   542.9758       532.2225       537.0425
  524.5033     539.0566       510.0146     532.6166   528.9771       529.4172       526.7683
  527.1079     527.3280       514.2188     525.7060   522.0839       534.7101       529.2005
  532.9116     519.8578       521.1772     537.4638   534.5138       536.8072       533.7608
  524.8603     523.8570       516.3193     535.4994   532.1957       529.1760       531.1739
  521.6687     528.0104       520.7191     526.1226   522.9054       526.5387       528.8590
  541.5758     529.4991       510.7183     541.6835   537.4583       530.0356       528.7103
  524.3644     534.3022       527.8418     535.0763   532.2951       534.3507       531.0416
  525.0543     536.0825       521.8060     545.1505   542.1384       534.1337       535.3883
  528.8086     526.6089       511.2384     535.7717   531.3154       529.9947       531.3065
  530.9935     522.2201       506.8994     535.4421   530.9667       531.6262       523.4817
  527.4239     533.1313       512.3548     524.5547   518.5376       527.5594       524.8799
  519.9798     539.7457       521.5094     525.1833   520.8897       527.6622       532.6695
  524.6362     532.1475       519.7414     531.2653   528.0457       531.8896       535.3530
  532.4561     529.5267       512.7334     534.1929   529.9257       535.4549       531.9494
  528.1186     532.4114       520.6069     534.3739   528.6279       530.8348       520.8453
  526.2218     527.6945       532.5575     531.6645   526.9926       523.2390       530.1629
  532.0414     525.1540       528.3856     530.1429   526.9832       525.1082       530.6786
  528.9084     535.9733       516.7091     528.5418   524.7514       531.7668       535.8397
  524.4783     539.5116       518.4875     530.8262   526.4033       534.6644       535.6889
  526.4698     527.0856       526.4139     539.9981   537.0950       532.7795       532.8755
  529.1750     526.6245       507.3519     537.6474   534.5083       521.2666       534.0973
  532.7087     537.3040       531.0612     533.5396   531.0662       530.5702       532.2104
  533.1691     534.4731       526.3481     519.1171   516.4030       530.5662       530.4577
  532.4053     527.9764       517.2953     527.7258   524.0546       534.5344       533.8594
  532.2864     532.3584       514.2373     545.8012   542.2764       537.6062       541.2039
  530.2948     531.8687       517.4667     537.6264   534.6788       533.8698       533.6647
  532.5723     523.4794       523.3692     525.6471   523.0257       534.0881       541.0922
  538.6344     527.0596       523.9716     530.5396   527.4690       533.2937       537.0614
  541.9077     537.5421       514.8587     534.3705   530.7663       530.7766       535.0908
  539.6376     531.5307       516.0176     530.8619   526.4472       533.4801       532.4716
  535.6968     524.7809       527.2602     531.4136   527.2119       541.7590       529.0317
  534.7046     530.3562       513.0656     531.0250   528.7996       534.8172       528.0827
  530.3687     536.5060       524.2743     531.9356   527.9663       541.5693       535.6006
  537.6591     530.0962       509.1663     531.6565   527.1971       536.9116       543.0290
  542.1044     524.8641       509.3558     536.8011   531.0364       534.9504       535.6873
  529.8183     528.8011       527.4246     535.5718   530.7795       533.5919       523.0198
  523.1552     535.4730       525.6484     527.3927   524.1409       529.7647       545.4393
  536.7485     532.9632       507.9965     524.6066   521.5339       527.3440       527.5878
  542.4761     522.7776       510.0258     532.1674   528.5287       534.4773       541.6047
  533.5372     526.5982       523.4957     533.7653   530.6683       542.9337       542.8352
  533.9975     536.1202       517.3433     534.8202   532.2184       535.7586       536.9374
  542.5312     527.1650       512.2686     534.2444   530.8035       522.4328       532.3949
  535.7977     519.4025       509.8194     527.7692   524.1756       546.0030       532.4717
  532.6561     531.6973       520.0034     526.4431   522.6833       526.3788       539.4543
  520.0721     544.7722       522.5782     528.6637   524.5953       540.7743       536.4539
  534.2597     532.4261       513.0701     541.9830   537.7617       542.1490       528.3815
  544.3835     521.7328       511.9610     540.0931   535.5075       535.0444       536.3394
  527.6157     528.3176       517.6760     524.3494   520.1978       530.8248       533.2813
  525.2206     536.0863       521.9489     525.7574   522.0673       531.8700       541.9329
  538.1804     534.4282       523.6173     540.2198   537.1279       539.6105       524.6386
  535.7008     537.7851       511.4161     538.7274   535.9640       536.7970       541.5905
  529.3168     534.5502       508.8185     528.7542   525.3830       528.8421       542.8323
  535.9098     523.2974       520.4180     529.7492   525.2561       536.6341       531.3947
  526.8146     525.8527       500.0787     531.5200   527.5952       533.9730       529.1079
  533.0721     536.9938       517.7829     534.1412   530.0199       540.9824       539.3869
  527.2924     531.1614       512.8896     531.3957   526.9881       530.1429       543.9172
  536.3218     529.2220       519.1412     530.3373   526.3020       524.3710       538.2993
  540.8423     536.6574       520.0284     535.5291   533.3208       537.4569       524.5496
  530.8907     532.1250       517.5445     535.2250   532.5222       541.7911       532.9392
  531.3537     525.8201       521.6769     534.0669   529.7630       533.2912       530.4785
  534.8332     533.8056       519.9320     531.3457   527.1980       529.2794       527.7681
  531.5902     542.3333       513.4326     529.3674   526.5178       538.2008       533.2142
  531.2794     536.1726       519.1320     533.5469   529.8696       543.1268       535.3145
  532.6290     530.8847       526.2287     540.3016   536.8617       539.0810       537.9446
  532.2297     530.6980       504.2186     532.6307   530.2991       526.1716       538.4046
  534.4490     536.4914       520.0438     536.6262   534.6520       533.6641       525.9303
  533.9593     538.7575       515.3779     525.6675   523.4135       531.2849       515.4863
  528.9615     533.1979       517.3872     529.2337   525.2630       529.1409       528.7324
  524.2667     529.8764       516.6179     541.1321   537.5258       533.3980       533.8820
  528.5501     536.3511       517.6769     539.2036   536.3288       534.4922       538.3569
  536.3788     535.4047       523.0609     528.2725   525.1293       537.5266       530.3881
  529.6910     526.2052       517.5901     531.5679   528.6329       538.6775       531.2786
  526.3293     533.6672       510.0582     537.5343   535.1257       526.4133       534.3696
  530.2843     543.5868       518.1111     532.5032   530.0093       517.6123       526.9776
  526.2709     529.7102       516.6019     534.4849   531.4557       529.1063       528.7222
  548.6944     525.0425       515.6886     530.0755   524.7916       534.9552       538.2012
  525.1555     537.0486       509.6011     546.3544   517.2355       537.6151       530.6200
  536.3708     537.8449       522.7021     536.7492   528.4349       529.3365       539.7005
  535.4210     530.4681       529.1300     525.0833   535.7369       530.6887       530.9891
  529.0808     532.4418       509.7098     536.7877   524.9930       535.3267       529.4048
  527.8271     531.9941       507.0509     547.9628   521.4993       527.2578       538.0316
  526.3250     524.8291       520.0873     538.3767   527.2253       528.6561       535.3386
  535.5746     532.4660       518.8004     531.2816   527.5508       538.9725       537.3471
  540.0409     543.1873       511.8720     533.3893   524.9008       531.0470       528.6463
  543.4853     535.5018       509.4704     531.4164   529.2409       540.7530       528.0965
  529.3407     524.9327       501.7772     535.2202   531.4490       531.5427       532.4272
  530.9524     529.2700       509.4145     527.5112   525.2900       530.3246       531.3897
  537.3837     535.3782       511.5323     525.7227   524.6276       538.5111       527.7694
  543.2840     529.4209       505.9380     537.1736   533.6132       535.0772       525.5034
  536.8349     533.7143       504.3910     532.0073   530.1137       537.2378       525.8323
  539.1921     541.7595       507.8441     530.9289   527.8276       528.7406       526.9893
  533.8024     536.8081       514.0833     519.6215   517.5135       528.1305       530.2437
  526.6003     525.7111       511.8632     521.8779   520.0789       532.2124       528.1788
  532.7621     527.0267       508.3990     532.5661   530.3347       530.1693       528.5800
  546.9076     535.9118       511.0439     528.2704   525.8090       527.9163       527.1137
  549.9868     534.6325       512.7390     521.9059   519.8866       526.0775       526.1501
  534.5315     527.6039       515.2837     527.8440   525.4323       526.5720       523.4493
  527.9309     534.8994       511.3009     533.2195   529.8486       529.8496       526.8835
  535.1699     547.3228       503.4113     529.9761   526.5482       531.0622       536.1777
  543.6180     543.9543       512.8415     528.1094   524.6931       529.1240       532.0012
  538.8169     531.6654       508.2948     533.4096   529.3956       528.9842       528.0754
  542.8327     532.4699       521.3323     530.4032   525.9954       529.1027       533.7545
  534.4021     540.3393       509.3775     529.3977   525.7318       527.6604       530.5417
  530.3927     544.8756       504.2934     529.5188   526.8733       523.2769       522.1649
  532.3027     540.6866       513.8344     531.8239   528.8119       526.5882       526.6682
  535.7024     533.0364       518.2042     531.8577   528.7273       536.0646       527.8899
  534.3563     530.9884       518.1361     531.2906   528.3866       531.6758       529.8973
  530.6219     533.2723       512.1924     530.7559   529.0898       528.0686       522.8820
  528.6191     537.4208       510.9490     530.9968   530.0474       534.0752       520.7852
  531.7956     539.5357       516.2974     530.6814   529.4475       530.9536       528.0944
  532.8557     531.2262       510.6441     533.3450   531.1881       522.5154       527.8448
  534.3900     531.6648       506.3616     535.3576   534.1601       527.4578       522.9393
  533.3206     541.0344       518.3148     532.0813   528.0805       528.6468       526.7279
  530.5754     537.5376       511.5180     535.1759   534.9129       531.9603       532.9471
  526.1798     522.3738       512.5753     530.3023   529.2494       525.0690       528.3889
  530.3767     522.3728       507.8571     528.6066   526.9831       522.0315       527.7893
  530.1488     540.0101       510.3839     532.8774   532.1531       528.4395       530.0758
  521.4875     538.5801       515.3666     537.0474   535.8823       528.5309       529.3174
  526.5122     522.5821       513.6847     539.6796   538.0733       524.0047       527.1331
  530.8539     524.4279       509.8406     534.5373   532.2354       527.6749       527.6521
  530.2931     535.5929       508.0944     528.9676   526.5383       532.9886       530.5435
  527.3677     530.1304       507.6709     531.3551   529.4852       528.4745       533.9921
  526.0876     526.8983       513.1850     533.5701   531.8672       528.9249       534.2383
  527.5142     532.8035       513.9834     528.9347   527.7996       530.8051       530.4094
  535.5196     533.6750       516.5562     530.3805   526.4158       529.6454       533.3705
  530.6119     526.4492       506.5228     531.4602   530.4167       527.4727       538.4849
  529.1025     525.4595       508.2299     535.0737   534.2145       528.1272       525.9823
  527.3344     529.7736       513.8238     529.6311   527.7986       530.9728       523.3583
  532.6084     535.6926       507.7896     525.8190   524.3149       534.3499       522.2739
  531.0348     538.3850       509.7722     529.0806   529.6921       534.2061       529.4571
  523.8431     525.8211       521.5953     531.4146   532.2578       530.2308       532.0552
  525.4506     524.2663       514.6882     528.9855   528.0830       532.4242       534.4966
  531.2593     535.7241       503.2894     530.8360   529.7071       537.9861       532.3880
  533.8894     532.7253       509.3328     530.8005   530.3992       535.2311       521.9747
  533.3343     527.9210       517.0433     525.8489   526.0925       525.9526       520.0308
  530.9904     533.6409       514.7216     526.6037   525.8051       523.4058       532.8960
  534.2596     534.3591       504.3254     533.4223   529.2756       523.0749       541.9571
  533.5166     531.2095       512.6553     531.1518   529.0508       529.5179       534.2712
  538.3020     534.7369       510.2796     530.2068   528.6414       531.3123       526.5949
  533.9438     534.1128       502.2055     528.4251   528.2069       533.4815       525.7145
  531.1264     528.6139       503.2784     530.0445   530.2815       531.6696       521.1922
  529.7319     534.7631       518.2107     529.1170   528.3402       522.5509       523.4668
  530.2789     541.6691       518.4134     529.8509   528.3760       520.0644       529.0989
  535.3768     534.1417       503.6087     533.5160   533.0138       532.3611       539.4864
  543.2960     528.0767       505.1459     531.6200   531.5328       541.6426       535.7164
  540.1131     530.2565       514.6775     530.5739   529.1769       534.2488       522.8149
  533.2433     528.9353       511.9370     531.5385   529.4930       526.3804       522.1587
  534.0157     528.5567       508.7144     526.8796   525.5611       525.8880       530.1637
  535.4613     534.8910       506.0351     535.6605   532.1332       522.7455       533.3936
  543.3215     531.3655       514.3027     527.6546   525.7926       523.9537       535.1016
  540.2742     524.0876       508.7532     532.9987   530.8862       529.2316       535.4419
