[0, 1, 0, 0, 0, 0, 0, 0, 0]
[0, 2, 0, 0, 0, 0, 0, 0, 0]
[3, 4, 0, 0, 0, 0, 0, 0, 0]
[3, 5, 0, 0, 0, 0, 0, 0, 0]
[6, 7, 0, 0, 0, 0, 0, 0, 0]
[6, 8, 0, 0, 0, 0, 0, 0, 0]
[9, 10, 0, 0, 0, 0, 0, 0, 0]
[9, 11, 0, 0, 0, 0, 0, 0, 0]
[12, 13, 0, 0, 0, 0, 0, 0, 0]
[12, 14, 0, 0, 0, 0, 0, 0, 0]
[15, 16, 0, 0, 0, 0, 0, 0, 0]
[15, 17, 0, 0, 0, 0, 0, 0, 0]
[18, 19, 0, 0, 0, 0, 0, 0, 0]
[18, 20, 0, 0, 0, 0, 0, 0, 0]
[21, 22, 0, 0, 0, 0, 0, 0, 0]
[21, 23, 0, 0, 0, 0, 0, 0, 0]
[24, 25, 0, 0, 0, 0, 0, 0, 0]
[24, 26, 0, 0, 0, 0, 0, 0, 0]
[27, 28, 0, 0, 0, 0, 0, 0, 0]
[27, 29, 0, 0, 0, 0, 0, 0, 0]
[30, 31, 0, 0, 0, 0, 0, 0, 0]
[30, 32, 0, 0, 0, 0, 0, 0, 0]
[33, 34, 0, 0, 0, 0, 0, 0, 0]
[33, 35, 0, 0, 0, 0, 0, 0, 0]
[36, 37, 0, 0, 0, 0, 0, 0, 0]
[36, 38, 0, 0, 0, 0, 0, 0, 0]
[39, 40, 0, 0, 0, 0, 0, 0, 0]
[39, 41, 0, 0, 0, 0, 0, 0, 0]
[42, 43, 0, 0, 0, 0, 0, 0, 0]
[42, 44, 0, 0, 0, 0, 0, 0, 0]
[45, 46, 0, 0, 0, 0, 0, 0, 0]
[45, 47, 0, 0, 0, 0, 0, 0, 0]
[48, 49, 0, 0, 0, 0, 0, 0, 0]
[48, 50, 0, 0, 0, 0, 0, 0, 0]
[51, 52, 0, 0, 0, 0, 0, 0, 0]
[51, 53, 0, 0, 0, 0, 0, 0, 0]
[54, 55, 0, 0, 0, 0, 0, 0, 0]
[54, 56, 0, 0, 0, 0, 0, 0, 0]
[57, 58, 0, 0, 0, 0, 0, 0, 0]
[57, 59, 0, 0, 0, 0, 0, 0, 0]
[60, 61, 0, 0, 0, 0, 0, 0, 0]
[60, 62, 0, 0, 0, 0, 0, 0, 0]
[63, 64, 0, 0, 0, 0, 0, 0, 0]
[63, 65, 0, 0, 0, 0, 0, 0, 0]
[66, 67, 0, 0, 0, 0, 0, 0, 0]
[66, 68, 0, 0, 0, 0, 0, 0, 0]
[69, 70, 0, 0, 0, 0, 0, 0, 0]
[69, 71, 0, 0, 0, 0, 0, 0, 0]
[72, 73, 0, 0, 0, 0, 0, 0, 0]
[72, 74, 0, 0, 0, 0, 0, 0, 0]
[75, 76, 0, 0, 0, 0, 0, 0, 0]
[75, 77, 0, 0, 0, 0, 0, 0, 0]
[78, 79, 0, 0, 0, 0, 0, 0, 0]
[78, 80, 0, 0, 0, 0, 0, 0, 0]
[81, 82, 0, 0, 0, 0, 0, 0, 0]
[81, 83, 0, 0, 0, 0, 0, 0, 0]
[84, 85, 0, 0, 0, 0, 0, 0, 0]
[84, 86, 0, 0, 0, 0, 0, 0, 0]
[87, 88, 0, 0, 0, 0, 0, 0, 0]
[87, 89, 0, 0, 0, 0, 0, 0, 0]
[90, 91, 0, 0, 0, 0, 0, 0, 0]
[90, 92, 0, 0, 0, 0, 0, 0, 0]
[93, 94, 0, 0, 0, 0, 0, 0, 0]
[93, 95, 0, 0, 0, 0, 0, 0, 0]
[96, 97, 0, 0, 0, 0, 0, 0, 0]
[96, 98, 0, 0, 0, 0, 0, 0, 0]
[99, 100, 0, 0, 0, 0, 0, 0, 0]
[99, 101, 0, 0, 0, 0, 0, 0, 0]
[102, 103, 0, 0, 0, 0, 0, 0, 0]
[102, 104, 0, 0, 0, 0, 0, 0, 0]
[105, 106, 0, 0, 0, 0, 0, 0, 0]
[105, 107, 0, 0, 0, 0, 0, 0, 0]
[108, 109, 0, 0, 0, 0, 0, 0, 0]
[108, 110, 0, 0, 0, 0, 0, 0, 0]
[111, 112, 0, 0, 0, 0, 0, 0, 0]
[111, 113, 0, 0, 0, 0, 0, 0, 0]
[114, 115, 0, 0, 0, 0, 0, 0, 0]
[114, 116, 0, 0, 0, 0, 0, 0, 0]
[117, 118, 0, 0, 0, 0, 0, 0, 0]
[117, 119, 0, 0, 0, 0, 0, 0, 0]
[120, 121, 0, 0, 0, 0, 0, 0, 0]
[120, 122, 0, 0, 0, 0, 0, 0, 0]
[123, 124, 0, 0, 0, 0, 0, 0, 0]
[123, 125, 0, 0, 0, 0, 0, 0, 0]
[126, 127, 0, 0, 0, 0, 0, 0, 0]
[126, 128, 0, 0, 0, 0, 0, 0, 0]
[129, 130, 0, 0, 0, 0, 0, 0, 0]
[129, 131, 0, 0, 0, 0, 0, 0, 0]
[132, 133, 0, 0, 0, 0, 0, 0, 0]
[132, 134, 0, 0, 0, 0, 0, 0, 0]
[135, 136, 0, 0, 0, 0, 0, 0, 0]
[135, 137, 0, 0, 0, 0, 0, 0, 0]
[138, 139, 0, 0, 0, 0, 0, 0, 0]
[138, 140, 0, 0, 0, 0, 0, 0, 0]
[141, 142, 0, 0, 0, 0, 0, 0, 0]
[141, 143, 0, 0, 0, 0, 0, 0, 0]
[144, 145, 0, 0, 0, 0, 0, 0, 0]
[144, 146, 0, 0, 0, 0, 0, 0, 0]
[147, 148, 0, 0, 0, 0, 0, 0, 0]
[147, 149, 0, 0, 0, 0, 0, 0, 0]
[150, 151, 0, 0, 0, 0, 0, 0, 0]
[150, 152, 0, 0, 0, 0, 0, 0, 0]
[153, 154, 0, 0, 0, 0, 0, 0, 0]
[153, 155, 0, 0, 0, 0, 0, 0, 0]
[156, 157, 0, 0, 0, 0, 0, 0, 0]
[156, 158, 0, 0, 0, 0, 0, 0, 0]
[159, 160, 0, 0, 0, 0, 0, 0, 0]
[159, 161, 0, 0, 0, 0, 0, 0, 0]
[162, 163, 0, 0, 0, 0, 0, 0, 0]
[162, 164, 0, 0, 0, 0, 0, 0, 0]
[165, 166, 0, 0, 0, 0, 0, 0, 0]
[165, 167, 0, 0, 0, 0, 0, 0, 0]
[168, 169, 0, 0, 0, 0, 0, 0, 0]
[168, 170, 0, 0, 0, 0, 0, 0, 0]
[171, 172, 0, 0, 0, 0, 0, 0, 0]
[171, 173, 0, 0, 0, 0, 0, 0, 0]
[174, 175, 0, 0, 0, 0, 0, 0, 0]
[174, 176, 0, 0, 0, 0, 0, 0, 0]
[177, 178, 0, 0, 0, 0, 0, 0, 0]
[177, 179, 0, 0, 0, 0, 0, 0, 0]
[180, 181, 0, 0, 0, 0, 0, 0, 0]
[180, 182, 0, 0, 0, 0, 0, 0, 0]
[183, 184, 0, 0, 0, 0, 0, 0, 0]
[183, 185, 0, 0, 0, 0, 0, 0, 0]
[186, 187, 0, 0, 0, 0, 0, 0, 0]
[186, 188, 0, 0, 0, 0, 0, 0, 0]
[189, 190, 0, 0, 0, 0, 0, 0, 0]
[189, 191, 0, 0, 0, 0, 0, 0, 0]
[192, 193, 0, 0, 0, 0, 0, 0, 0]
[192, 194, 0, 0, 0, 0, 0, 0, 0]
[195, 196, 0, 0, 0, 0, 0, 0, 0]
[195, 197, 0, 0, 0, 0, 0, 0, 0]
[198, 199, 0, 0, 0, 0, 0, 0, 0]
[198, 200, 0, 0, 0, 0, 0, 0, 0]
[201, 202, 0, 0, 0, 0, 0, 0, 0]
[201, 203, 0, 0, 0, 0, 0, 0, 0]
[204, 205, 0, 0, 0, 0, 0, 0, 0]
[204, 206, 0, 0, 0, 0, 0, 0, 0]
[207, 208, 0, 0, 0, 0, 0, 0, 0]
[207, 209, 0, 0, 0, 0, 0, 0, 0]
[210, 211, 0, 0, 0, 0, 0, 0, 0]
[210, 212, 0, 0, 0, 0, 0, 0, 0]
[213, 214, 0, 0, 0, 0, 0, 0, 0]
[213, 215, 0, 0, 0, 0, 0, 0, 0]
[216, 217, 0, 0, 0, 0, 0, 0, 0]
[216, 218, 0, 0, 0, 0, 0, 0, 0]
[219, 220, 0, 0, 0, 0, 0, 0, 0]
[219, 221, 0, 0, 0, 0, 0, 0, 0]
[222, 223, 0, 0, 0, 0, 0, 0, 0]
[222, 224, 0, 0, 0, 0, 0, 0, 0]
[225, 226, 0, 0, 0, 0, 0, 0, 0]
[225, 227, 0, 0, 0, 0, 0, 0, 0]
[228, 229, 0, 0, 0, 0, 0, 0, 0]
[228, 230, 0, 0, 0, 0, 0, 0, 0]
[231, 232, 0, 0, 0, 0, 0, 0, 0]
[231, 233, 0, 0, 0, 0, 0, 0, 0]
[234, 235, 0, 0, 0, 0, 0, 0, 0]
[234, 236, 0, 0, 0, 0, 0, 0, 0]
[237, 238, 0, 0, 0, 0, 0, 0, 0]
[237, 239, 0, 0, 0, 0, 0, 0, 0]
[240, 241, 0, 0, 0, 0, 0, 0, 0]
[240, 242, 0, 0, 0, 0, 0, 0, 0]
[243, 244, 0, 0, 0, 0, 0, 0, 0]
[243, 245, 0, 0, 0, 0, 0, 0, 0]
[246, 247, 0, 0, 0, 0, 0, 0, 0]
[246, 248, 0, 0, 0, 0, 0, 0, 0]
[249, 250, 0, 0, 0, 0, 0, 0, 0]
[249, 251, 0, 0, 0, 0, 0, 0, 0]
[252, 253, 0, 0, 0, 0, 0, 0, 0]
[252, 254, 0, 0, 0, 0, 0, 0, 0]
[255, 256, 0, 0, 0, 0, 0, 0, 0]
[255, 257, 0, 0, 0, 0, 0, 0, 0]
[258, 259, 0, 0, 0, 0, 0, 0, 0]
[258, 260, 0, 0, 0, 0, 0, 0, 0]
[261, 262, 0, 0, 0, 0, 0, 0, 0]
[261, 263, 0, 0, 0, 0, 0, 0, 0]
[264, 265, 0, 0, 0, 0, 0, 0, 0]
[264, 266, 0, 0, 0, 0, 0, 0, 0]
[267, 268, 0, 0, 0, 0, 0, 0, 0]
[267, 269, 0, 0, 0, 0, 0, 0, 0]
[270, 271, 0, 0, 0, 0, 0, 0, 0]
[270, 272, 0, 0, 0, 0, 0, 0, 0]
[273, 274, 0, 0, 0, 0, 0, 0, 0]
[273, 275, 0, 0, 0, 0, 0, 0, 0]
[276, 277, 0, 0, 0, 0, 0, 0, 0]
[276, 278, 0, 0, 0, 0, 0, 0, 0]
[279, 280, 0, 0, 0, 0, 0, 0, 0]
[279, 281, 0, 0, 0, 0, 0, 0, 0]
[282, 283, 0, 0, 0, 0, 0, 0, 0]
[282, 284, 0, 0, 0, 0, 0, 0, 0]
[285, 286, 0, 0, 0, 0, 0, 0, 0]
[285, 287, 0, 0, 0, 0, 0, 0, 0]
[288, 289, 0, 0, 0, 0, 0, 0, 0]
[288, 290, 0, 0, 0, 0, 0, 0, 0]
[291, 292, 0, 0, 0, 0, 0, 0, 0]
[291, 293, 0, 0, 0, 0, 0, 0, 0]
[294, 295, 0, 0, 0, 0, 0, 0, 0]
[294, 296, 0, 0, 0, 0, 0, 0, 0]
[297, 298, 0, 0, 0, 0, 0, 0, 0]
[297, 299, 0, 0, 0, 0, 0, 0, 0]
[300, 301, 0, 0, 0, 0, 0, 0, 0]
[300, 302, 0, 0, 0, 0, 0, 0, 0]
[303, 304, 0, 0, 0, 0, 0, 0, 0]
[303, 305, 0, 0, 0, 0, 0, 0, 0]
[306, 307, 0, 0, 0, 0, 0, 0, 0]
[306, 308, 0, 0, 0, 0, 0, 0, 0]
[309, 310, 0, 0, 0, 0, 0, 0, 0]
[309, 311, 0, 0, 0, 0, 0, 0, 0]
[312, 313, 0, 0, 0, 0, 0, 0, 0]
[312, 314, 0, 0, 0, 0, 0, 0, 0]
[315, 316, 0, 0, 0, 0, 0, 0, 0]
[315, 317, 0, 0, 0, 0, 0, 0, 0]
[318, 319, 0, 0, 0, 0, 0, 0, 0]
[318, 320, 0, 0, 0, 0, 0, 0, 0]
[321, 322, 0, 0, 0, 0, 0, 0, 0]
[321, 323, 0, 0, 0, 0, 0, 0, 0]
[324, 325, 0, 0, 0, 0, 0, 0, 0]
[324, 326, 0, 0, 0, 0, 0, 0, 0]
[327, 328, 0, 0, 0, 0, 0, 0, 0]
[327, 329, 0, 0, 0, 0, 0, 0, 0]
[330, 331, 0, 0, 0, 0, 0, 0, 0]
[330, 332, 0, 0, 0, 0, 0, 0, 0]
[333, 334, 0, 0, 0, 0, 0, 0, 0]
[333, 335, 0, 0, 0, 0, 0, 0, 0]
[336, 337, 0, 0, 0, 0, 0, 0, 0]
[336, 338, 0, 0, 0, 0, 0, 0, 0]
[339, 340, 0, 0, 0, 0, 0, 0, 0]
[339, 341, 0, 0, 0, 0, 0, 0, 0]
[342, 343, 0, 0, 0, 0, 0, 0, 0]
[342, 344, 0, 0, 0, 0, 0, 0, 0]
[345, 346, 0, 0, 0, 0, 0, 0, 0]
[345, 347, 0, 0, 0, 0, 0, 0, 0]
[348, 349, 0, 0, 0, 0, 0, 0, 0]
[348, 350, 0, 0, 0, 0, 0, 0, 0]
[351, 352, 0, 0, 0, 0, 0, 0, 0]
[351, 353, 0, 0, 0, 0, 0, 0, 0]
[354, 355, 0, 0, 0, 0, 0, 0, 0]
[354, 356, 0, 0, 0, 0, 0, 0, 0]
[357, 358, 0, 0, 0, 0, 0, 0, 0]
[357, 359, 0, 0, 0, 0, 0, 0, 0]
[360, 361, 0, 0, 0, 0, 0, 0, 0]
[360, 362, 0, 0, 0, 0, 0, 0, 0]
[363, 364, 0, 0, 0, 0, 0, 0, 0]
[363, 365, 0, 0, 0, 0, 0, 0, 0]
[366, 367, 0, 0, 0, 0, 0, 0, 0]
[366, 368, 0, 0, 0, 0, 0, 0, 0]
[369, 370, 0, 0, 0, 0, 0, 0, 0]
[369, 371, 0, 0, 0, 0, 0, 0, 0]
[372, 373, 0, 0, 0, 0, 0, 0, 0]
[372, 374, 0, 0, 0, 0, 0, 0, 0]
[375, 376, 0, 0, 0, 0, 0, 0, 0]
[375, 377, 0, 0, 0, 0, 0, 0, 0]
[378, 379, 0, 0, 0, 0, 0, 0, 0]
[378, 380, 0, 0, 0, 0, 0, 0, 0]
[381, 382, 0, 0, 0, 0, 0, 0, 0]
[381, 383, 0, 0, 0, 0, 0, 0, 0]
[384, 385, 0, 0, 0, 0, 0, 0, 0]
[384, 386, 0, 0, 0, 0, 0, 0, 0]
[387, 388, 0, 0, 0, 0, 0, 0, 0]
[387, 389, 0, 0, 0, 0, 0, 0, 0]
[390, 391, 0, 0, 0, 0, 0, 0, 0]
[390, 392, 0, 0, 0, 0, 0, 0, 0]
[393, 394, 0, 0, 0, 0, 0, 0, 0]
[393, 395, 0, 0, 0, 0, 0, 0, 0]
[396, 397, 0, 0, 0, 0, 0, 0, 0]
[396, 398, 0, 0, 0, 0, 0, 0, 0]
[399, 400, 0, 0, 0, 0, 0, 0, 0]
[399, 401, 0, 0, 0, 0, 0, 0, 0]
[402, 403, 0, 0, 0, 0, 0, 0, 0]
[402, 404, 0, 0, 0, 0, 0, 0, 0]
[405, 406, 0, 0, 0, 0, 0, 0, 0]
[405, 407, 0, 0, 0, 0, 0, 0, 0]
[408, 409, 0, 0, 0, 0, 0, 0, 0]
[408, 410, 0, 0, 0, 0, 0, 0, 0]
[411, 412, 0, 0, 0, 0, 0, 0, 0]
[411, 413, 0, 0, 0, 0, 0, 0, 0]
[414, 415, 0, 0, 0, 0, 0, 0, 0]
[414, 416, 0, 0, 0, 0, 0, 0, 0]
[417, 418, 0, 0, 0, 0, 0, 0, 0]
[417, 419, 0, 0, 0, 0, 0, 0, 0]
[420, 421, 0, 0, 0, 0, 0, 0, 0]
[420, 422, 0, 0, 0, 0, 0, 0, 0]
[423, 424, 0, 0, 0, 0, 0, 0, 0]
[423, 425, 0, 0, 0, 0, 0, 0, 0]
[426, 427, 0, 0, 0, 0, 0, 0, 0]
[426, 428, 0, 0, 0, 0, 0, 0, 0]
[429, 430, 0, 0, 0, 0, 0, 0, 0]
[429, 431, 0, 0, 0, 0, 0, 0, 0]
[432, 433, 0, 0, 0, 0, 0, 0, 0]
[432, 434, 0, 0, 0, 0, 0, 0, 0]
[435, 436, 0, 0, 0, 0, 0, 0, 0]
[435, 437, 0, 0, 0, 0, 0, 0, 0]
[438, 439, 0, 0, 0, 0, 0, 0, 0]
[438, 440, 0, 0, 0, 0, 0, 0, 0]
[441, 442, 0, 0, 0, 0, 0, 0, 0]
[441, 443, 0, 0, 0, 0, 0, 0, 0]
[444, 445, 0, 0, 0, 0, 0, 0, 0]
[444, 446, 0, 0, 0, 0, 0, 0, 0]
[447, 448, 0, 0, 0, 0, 0, 0, 0]
[447, 449, 0, 0, 0, 0, 0, 0, 0]
[450, 451, 0, 0, 0, 0, 0, 0, 0]
[450, 452, 0, 0, 0, 0, 0, 0, 0]
[453, 454, 0, 0, 0, 0, 0, 0, 0]
[453, 455, 0, 0, 0, 0, 0, 0, 0]
[456, 457, 0, 0, 0, 0, 0, 0, 0]
[456, 458, 0, 0, 0, 0, 0, 0, 0]
[459, 460, 0, 0, 0, 0, 0, 0, 0]
[459, 461, 0, 0, 0, 0, 0, 0, 0]
[462, 463, 0, 0, 0, 0, 0, 0, 0]
[462, 464, 0, 0, 0, 0, 0, 0, 0]
[465, 466, 0, 0, 0, 0, 0, 0, 0]
[465, 467, 0, 0, 0, 0, 0, 0, 0]
[468, 469, 0, 0, 0, 0, 0, 0, 0]
[468, 470, 0, 0, 0, 0, 0, 0, 0]
[471, 472, 0, 0, 0, 0, 0, 0, 0]
[471, 473, 0, 0, 0, 0, 0, 0, 0]
[474, 475, 0, 0, 0, 0, 0, 0, 0]
[474, 476, 0, 0, 0, 0, 0, 0, 0]
[477, 478, 0, 0, 0, 0, 0, 0, 0]
[477, 479, 0, 0, 0, 0, 0, 0, 0]
[480, 481, 0, 0, 0, 0, 0, 0, 0]
[480, 482, 0, 0, 0, 0, 0, 0, 0]
[483, 484, 0, 0, 0, 0, 0, 0, 0]
[483, 485, 0, 0, 0, 0, 0, 0, 0]
[486, 487, 0, 0, 0, 0, 0, 0, 0]
[486, 488, 0, 0, 0, 0, 0, 0, 0]
[489, 490, 0, 0, 0, 0, 0, 0, 0]
[489, 491, 0, 0, 0, 0, 0, 0, 0]
[492, 493, 0, 0, 0, 0, 0, 0, 0]
[492, 494, 0, 0, 0, 0, 0, 0, 0]
[495, 496, 0, 0, 0, 0, 0, 0, 0]
[495, 497, 0, 0, 0, 0, 0, 0, 0]
[498, 499, 0, 0, 0, 0, 0, 0, 0]
[498, 500, 0, 0, 0, 0, 0, 0, 0]
[501, 502, 0, 0, 0, 0, 0, 0, 0]
[501, 503, 0, 0, 0, 0, 0, 0, 0]
[504, 505, 0, 0, 0, 0, 0, 0, 0]
[504, 506, 0, 0, 0, 0, 0, 0, 0]
[507, 508, 0, 0, 0, 0, 0, 0, 0]
[507, 509, 0, 0, 0, 0, 0, 0, 0]
[510, 511, 0, 0, 0, 0, 0, 0, 0]
[510, 512, 0, 0, 0, 0, 0, 0, 0]
[513, 514, 0, 0, 0, 0, 0, 0, 0]
[513, 515, 0, 0, 0, 0, 0, 0, 0]
[516, 517, 0, 0, 0, 0, 0, 0, 0]
[516, 518, 0, 0, 0, 0, 0, 0, 0]
[519, 520, 0, 0, 0, 0, 0, 0, 0]
[519, 521, 0, 0, 0, 0, 0, 0, 0]
[522, 523, 0, 0, 0, 0, 0, 0, 0]
[522, 524, 0, 0, 0, 0, 0, 0, 0]
[525, 526, 0, 0, 0, 0, 0, 0, 0]
[525, 527, 0, 0, 0, 0, 0, 0, 0]
[528, 529, 0, 0, 0, 0, 0, 0, 0]
[528, 530, 0, 0, 0, 0, 0, 0, 0]
[531, 532, 0, 0, 0, 0, 0, 0, 0]
[531, 533, 0, 0, 0, 0, 0, 0, 0]
[534, 535, 0, 0, 0, 0, 0, 0, 0]
[534, 536, 0, 0, 0, 0, 0, 0, 0]
[537, 538, 0, 0, 0, 0, 0, 0, 0]
[537, 539, 0, 0, 0, 0, 0, 0, 0]
[540, 541, 0, 0, 0, 0, 0, 0, 0]
[540, 542, 0, 0, 0, 0, 0, 0, 0]
[543, 544, 0, 0, 0, 0, 0, 0, 0]
[543, 545, 0, 0, 0, 0, 0, 0, 0]
[546, 547, 0, 0, 0, 0, 0, 0, 0]
[546, 548, 0, 0, 0, 0, 0, 0, 0]
[549, 550, 0, 0, 0, 0, 0, 0, 0]
[549, 551, 0, 0, 0, 0, 0, 0, 0]
[552, 553, 0, 0, 0, 0, 0, 0, 0]
[552, 554, 0, 0, 0, 0, 0, 0, 0]
[555, 556, 0, 0, 0, 0, 0, 0, 0]
[555, 557, 0, 0, 0, 0, 0, 0, 0]
[558, 559, 0, 0, 0, 0, 0, 0, 0]
[558, 560, 0, 0, 0, 0, 0, 0, 0]
[561, 562, 0, 0, 0, 0, 0, 0, 0]
[561, 563, 0, 0, 0, 0, 0, 0, 0]
[564, 565, 0, 0, 0, 0, 0, 0, 0]
[564, 566, 0, 0, 0, 0, 0, 0, 0]
[567, 568, 0, 0, 0, 0, 0, 0, 0]
[567, 569, 0, 0, 0, 0, 0, 0, 0]
[570, 571, 0, 0, 0, 0, 0, 0, 0]
[570, 572, 0, 0, 0, 0, 0, 0, 0]
[573, 574, 0, 0, 0, 0, 0, 0, 0]
[573, 575, 0, 0, 0, 0, 0, 0, 0]
[576, 577, 0, 0, 0, 0, 0, 0, 0]
[576, 578, 0, 0, 0, 0, 0, 0, 0]
[579, 580, 0, 0, 0, 0, 0, 0, 0]
[579, 581, 0, 0, 0, 0, 0, 0, 0]
[582, 583, 0, 0, 0, 0, 0, 0, 0]
[582, 584, 0, 0, 0, 0, 0, 0, 0]
[585, 586, 0, 0, 0, 0, 0, 0, 0]
[585, 587, 0, 0, 0, 0, 0, 0, 0]
[588, 589, 0, 0, 0, 0, 0, 0, 0]
[588, 590, 0, 0, 0, 0, 0, 0, 0]
[591, 592, 0, 0, 0, 0, 0, 0, 0]
[591, 593, 0, 0, 0, 0, 0, 0, 0]
[594, 595, 0, 0, 0, 0, 0, 0, 0]
[594, 596, 0, 0, 0, 0, 0, 0, 0]
[597, 598, 0, 0, 0, 0, 0, 0, 0]
[597, 599, 0, 0, 0, 0, 0, 0, 0]
[600, 601, 0, 0, 0, 0, 0, 0, 0]
[600, 602, 0, 0, 0, 0, 0, 0, 0]
[603, 604, 0, 0, 0, 0, 0, 0, 0]
[603, 605, 0, 0, 0, 0, 0, 0, 0]
[606, 607, 0, 0, 0, 0, 0, 0, 0]
[606, 608, 0, 0, 0, 0, 0, 0, 0]
[609, 610, 0, 0, 0, 0, 0, 0, 0]
[609, 611, 0, 0, 0, 0, 0, 0, 0]
[612, 613, 0, 0, 0, 0, 0, 0, 0]
[612, 614, 0, 0, 0, 0, 0, 0, 0]
[615, 616, 0, 0, 0, 0, 0, 0, 0]
[615, 617, 0, 0, 0, 0, 0, 0, 0]
[618, 619, 0, 0, 0, 0, 0, 0, 0]
[618, 620, 0, 0, 0, 0, 0, 0, 0]
[621, 622, 0, 0, 0, 0, 0, 0, 0]
[621, 623, 0, 0, 0, 0, 0, 0, 0]
[624, 625, 0, 0, 0, 0, 0, 0, 0]
[624, 626, 0, 0, 0, 0, 0, 0, 0]
[627, 628, 0, 0, 0, 0, 0, 0, 0]
[627, 629, 0, 0, 0, 0, 0, 0, 0]
[630, 631, 0, 0, 0, 0, 0, 0, 0]
[630, 632, 0, 0, 0, 0, 0, 0, 0]
[633, 634, 0, 0, 0, 0, 0, 0, 0]
[633, 635, 0, 0, 0, 0, 0, 0, 0]
[636, 637, 0, 0, 0, 0, 0, 0, 0]
[636, 638, 0, 0, 0, 0, 0, 0, 0]
[639, 640, 0, 0, 0, 0, 0, 0, 0]
[639, 641, 0, 0, 0, 0, 0, 0, 0]
[642, 643, 0, 0, 0, 0, 0, 0, 0]
[642, 644, 0, 0, 0, 0, 0, 0, 0]
[645, 646, 0, 0, 0, 0, 0, 0, 0]
[645, 647, 0, 0, 0, 0, 0, 0, 0]
